Stadium  (1395,2020)  (1335,2039)  (1303,1987)  (1305,1935)  (1342,2105)  (1457,2128)  (1421,1918)  (1366,1916)  (1365,1969)  (1428,2067)  (1406,2116)  (1420,1968)
Nishne  (123,1562)  (186,1522)  (193,1570)  (109,1512)  (157,1474)
South Stalingrad  (1615,2421)  (1563,2419)  (1508,2408)  (1544,2355)  (1569,2476)  (1600,2308)  (1615,2362)  (1628,2478)  (1670,2406)  (1665,2303)  (1653,2530)
Dimitrewka  (591,1185)  (488,1104)  (623,1241)  (727,1200)  (531,1303)  (470,1303)  (488,1227)  (554,1242)  (655,1167)  (718,1141)  (729,1075)  (677,1080)  (626,1096)  (575,1118)  (539,1186)  (484,1158)  (672,1215)
Shestakov Bridge  (1040,2896)  (1102,2846)  (1098,2898)  (1150,2900)
Nadezhda  (971,875)  (1025,910)  (992,688)  (984,1020)  (903,990)  (818,966)  (886,925)  (941,930)  (995,967)  (1031,831)  (990,778)  (1036,736)
Pavlovs House  (1568,1654)  (1518,1701)  (1571,1704)  (1619,1658)  (1542,1599)  (1518,1648)
Don River  (658,2066)  (611,1864)  (784,2208)  (709,1905)  (623,2220)  (659,2120)  (659,2015)  (607,1916)  (727,2212)  (772,2283)  (712,2283)  (673,2222)  (658,2172)  (603,2168)  (601,1970)  (605,2118)  (659,2275)  (709,1851)  (603,2065)  (659,1963)  (659,1910)  (660,1858)  (605,2015)
Pantizanzkiy  (568,2558)  (614,2507)  (534,2463)  (583,2462)  (558,2510)  (615,2555)

Main Station Rails  (1489,1498)  (1436,1498)  (1436,1446)  (1437,1549)  (1499,1549)  (1493,1445)  (1544,1457)  (1548,1505)  (1466,1395)  (1412,1375)  (1453,1611)
France  (40,2465)  (92,2515)  (93,2465)  (39,2515)  (37,2566)  (90,2566)
Trekhostarskaya  (578,802)  (554,868)  (615,871)  (643,751)  (530,941)  (603,958)  (579,735)
Kotelnikowo  (22,1611)  (49,1558)  (53,1662)  (157,1752)  (72,1452)  (54,1504)  (20,1713)  (86,1745)
South Volzhskiy  (2161,953)  (2013,949)  (2025,1132)  (2046,685)  (2095,809)  (2077,1046)  (2188,855)  (2183,1034)  (2240,904)  (2236,961)  (2094,953)  (2037,841)  (2011,1034)  (2255,673)  (2293,1134)  (2296,937)
Zeriza Estuary  (1648,1897)  (1700,1909)  (1654,1999)  (1602,1949)  (1650,1948)  (1702,1957)  (1703,2006)  (1603,1999)
Manstein Army  (20,2132)  (76,2133)  (31,2182)  (89,2183)  (29,2230)  (89,2231)
Kamyshin  (2173,149)  (2187,269)  (2062,76)  (2044,149)  (2061,260)  (2133,18)  (2246,41)  (2228,199)  (2245,146)  (2215,94)  (2133,97)  (2105,153)  (2125,215)  (2322,264)  (2322,147)  (2311,42)
Sowjetski Rails  (621,1671)  (667,1662)  (572,1649)  (572,1700)  (505,1648)  (519,1697)  (513,1745)
Barilkin  (1200,353)  (1132,406)  (1191,415)  (1219,300)  (1251,400)  (1159,303)  (1290,173)  (1219,248)  (1237,190)
Manstein Army Unite  (94,2032)  (94,2082)  (145,2082)  (145,1984)  (94,1983)  (145,2033)
Wolga Hide  (1840,900)  (1790,903)  (1741,903)  (1752,846)  (1802,819)  (1851,850)
Kumsky  (106,1615)  (156,1621)  (192,1669)  (109,1664)  (149,1708)
Kuporosnoje  (1400,2681)  (1338,2690)  (1405,2745)  (1477,2684)  (1390,2617)  (1314,2618)  (1481,2753)  (1321,2528)  (1559,2758)  (1318,2457)  (1619,2762)
Saratov  (2324,1534)  (2267,1534)  (2269,1402)  (2266,1662)  (2327,1586)  (2329,1481)  (2338,1402)  (2339,1661)  (2273,1602)  (2274,1476)
North Korolzvoy  (884,1743)  (907,1795)  (934,1741)  (859,1693)  (910,1690)  (957,1648)  (907,1646)  (856,1644)  (825,1743)  (777,1769)  (773,1820)  (838,1807)
Tennis Racket  (1414,2285)  (1379,2173)  (1386,2227)  (1388,2334)  (1381,2393)  (1489,2185)  (1602,2186)  (1668,2185)  (1695,2239)  (1636,2237)  (1577,2237)  (1322,2195)  (1327,2252)  (1316,2305)  (1323,2359)  (1441,2399)  (1471,2343)  (1479,2288)  (1437,2184)  (1545,2185)  (1525,2236)  (1454,2235)
South Station Rails  (1199,2079)  (1134,2123)  (1136,2068)  (1284,2126)  (1258,2177)  (1206,2169)  (1148,1965)  (1236,1961)  (1134,2015)  (1189,2015)  (1243,2010)  (1259,2066)  (1145,2173)
Korolzvoy  (1019,1915)  (981,1968)  (991,1801)  (799,1894)  (1069,2051)  (972,2054)  (1081,1999)  (849,1876)  (900,1907)  (1046,1827)  (1077,1878)  (1019,2056)  (1030,1998)  (948,1855)  (1087,1939)  (997,1858)  (963,1909)
Red Oktober Colony  (1508,657)  (1568,679)  (1472,552)  (1418,704)  (1497,604)  (1556,786)  (1598,526)  (1424,790)  (1540,506)  (1581,579)  (1567,628)  (1472,711)  (1477,778)  (1521,729)  (1570,729)  (1528,555)
Houses  (1503,2077)  (1519,2128)  (1478,1998)  (1530,1999)  (1556,2048)  (1563,2098)
Fields  (1552,319)  (1598,269)  (1499,359)  (1552,374)  (1620,315)  (1597,362)
Wolga Island  (1827,3045)  (1883,3046)  (1887,2995)  (1836,2996)  (1856,2946)  (1864,2897)
Kachalino  (1165,67)  (1314,102)  (1288,29)  (1405,36)  (1454,105)  (1386,102)  (1245,105)  (1218,26)
Karpowka  (506,1474)  (555,1467)  (556,1526)  (454,1454)  (503,1424)  (550,1417)  (539,1364)  (488,1357)  (452,1404)  (504,1525)
South Station  (1098,2234)  (1164,2278)  (958,2288)  (1253,2231)  (1201,2226)  (1147,2225)  (999,2238)  (1047,2231)  (1214,2273)
Jelchi  (753,2658)  (700,2632)  (639,2616)  (807,2675)  (844,2728)  (840,2841)  (835,2787)  (774,2813)  (779,2745)  (674,2521)  (729,2524)  (791,2527)  (846,2540)  (839,2611)  (773,2598)  (711,2579)  (644,2680)  (700,2702)  (717,2761)
Railway Track Switch  (1204,538)  (1209,481)  (1151,565)  (1155,515)  (1116,467)  (1304,451)  (1262,507)  (1320,507)  (1260,559)  (1323,570)
Germany  (26,2276)  (81,2327)  (27,2326)  (81,2377)  (28,2377)  (80,2274)
Marinowka  (344,1055)  (269,1095)  (277,992)  (411,1117)  (403,1054)  (416,980)  (345,945)  (343,1155)  (274,880)  (411,1214)  (325,1237)  (442,898)  (359,867)  (263,1183)
Kalatsh And Sowjetski  (347,1597)  (260,1518)  (440,1684)  (439,1513)  (253,1684)  (311,1657)  (373,1659)  (314,1535)  (253,1632)  (430,1564)  (257,1576)  (371,1534)  (440,1619)
Gawrilowka  (348,2136)  (274,2096)  (418,2176)  (354,2211)  (409,2080)  (288,2176)  (340,2069)  (278,2283)  (418,1989)  (365,2305)  (331,1970)  (437,2276)  (252,2015)
North Volzhskiy  (2179,469)  (2029,466)  (2083,590)  (2066,327)  (2035,384)  (2034,528)  (2160,521)  (2162,418)  (2108,538)  (2084,465)  (2100,378)  (2252,329)  (2251,588)  (2281,453)
Kozhzavod  (2138,1875)  (1949,1802)  (1931,1894)  (1953,1982)  (2085,1976)  (2063,1890)  (2088,1819)  (2173,1823)  (2277,1747)  (2196,1877)  (2163,1934)  (2311,1812)  (2274,1957)  (2002,1921)  (2000,1859)
South Beachhead  (1587,3044)  (1520,2996)  (1567,2945)  (1585,2994)  (1640,3046)  (1526,3046)  (1643,2995)  (1617,2943)
Gorodistshe  (1336,746)  (1327,799)  (1349,694)  (1294,644)  (1166,631)  (1231,645)  (1347,861)  (1269,703)  (1339,930)  (1262,759)  (1289,855)  (1283,927)  (1176,683)
Warapanowa  (953,1586)  (1003,1588)  (902,1586)  (1054,1587)  (853,1587)  (1110,1587)  (802,1587)
North Beachhead  (1760,80)  (1700,80)  (1640,80)  (1700,35)  (1640,35)  (1789,18)  (1833,77)  (1573,60)
Plant Red Oktober  (1680,753)  (1669,696)  (1692,808)  (1654,593)  (1617,896)  (1804,753)  (1628,749)  (1625,797)  (1657,643)  (1693,897)  (1619,846)  (1741,750)  (1682,539)
Minina Estuary  (1534,2564)  (1478,2547)  (1565,2620)  (1464,2488)  (1619,2595)  (1411,2525)  (1628,2668)
Donetz River  (86,1853)  (136,1802)  (138,1902)  (86,1905)  (138,1852)  (85,1802)
Wertjatshi  (720,180)  (619,137)  (536,77)  (510,183)  (625,254)  (677,50)  (789,94)  (517,304)  (898,50)  (401,354)  (513,412)  (1028,86)  (423,239)
Rogatshik  (673,1405)  (619,1428)  (728,1405)  (612,1377)  (673,1457)  (666,1353)  (616,1328)  (665,1298)  (726,1457)  (611,1479)  (609,1527)  (678,1523)  (724,1357)  (718,1310)  (727,1257)
Ovrazhny  (1140,1200)  (1091,1155)  (1148,1083)  (1147,993)  (1107,1263)
Gumrak  (1153,814)  (1209,816)  (1103,756)  (1099,812)  (1120,871)  (1165,758)  (1175,870)  (1225,871)
North Don River  (635,1748)  (690,1723)  (633,1800)  (576,1781)
Krutoi Channel  (1428,1245)  (1377,1212)  (1346,1162)  (1477,1293)  (1420,1314)  (1369,1272)  (1505,1195)  (1397,1162)  (1451,1176)  (1503,1244)  (1506,1344)
Hospital  (1162,1755)  (1215,1775)  (1155,1701)  (1197,1830)  (1144,1807)  (1143,1858)  (1144,1911)  (1163,1646)  (1267,1649)  (1254,1699)  (1213,1647)  (1205,1696)  (1191,1879)
West Mishvoka River  (590,2903)  (475,2867)  (712,2943)  (492,2966)  (664,2831)  (544,2800)  (621,3003)  (393,2799)  (833,2924)  (566,2706)  (787,3034)  (436,2702)  (867,2996)
German Tross  (816,2036)  (816,2087)  (815,1985)  (765,1961)  (816,2137)  (867,2152)  (763,2013)  (867,2099)  (767,2063)  (866,2046)  (766,2112)  (866,1964)
Height  (763,1691)  (721,1649)  (804,1647)
Wood  (940,1460)  (924,1392)  (939,1332)  (995,1331)  (976,1392)  (888,1458)  (879,1514)  (933,1517)
Bassarging  (632,1588)  (581,1587)  (682,1590)  (737,1587)  (517,1585)
Tank Barricades  (953,2493)  (902,2519)  (948,2542)  (899,2568)  (897,2617)  (944,2605)  (920,2447)  (919,2392)  (958,2347)  (967,2408)
Barricade Colony  (1713,431)  (1661,380)  (1703,481)  (1661,429)  (1714,377)  (1613,455)  (1832,366)  (1772,368)
North Stalingrad Ruines  (1703,1018)  (1648,1017)  (1591,1019)  (1618,960)  (1591,1075)  (1784,1079)  (1795,957)  (1672,955)  (1730,960)  (1755,1016)  (1806,1009)  (1731,1079)  (1663,1074)
Oblast  (1040,1210)  (1023,1143)  (1051,1074)  (1075,977)  (981,1208)  (999,1265)
Krutoi Estuary  (1674,1211)  (1662,1261)  (1688,1155)  (1628,1131)  (1576,1140)  (1625,1179)  (1575,1198)  (1623,1322)  (1570,1309)  (1566,1254)  (1613,1253)  (1725,1244)  (1772,1192)  (1737,1140)  (1786,1139)
South Gardens  (1061,2616)  (1108,2626)  (1004,2612)  (1004,2558)  (1050,2524)  (1090,2570)
Peskovatka  (859,393)  (900,311)  (828,481)  (982,353)  (753,430)  (1011,260)  (674,539)  (1073,340)  (767,559)  (849,580)  (810,330)  (741,493)  (938,247)
Selshanka  (1216,2494)  (1150,2494)  (1136,2440)  (1204,2548)  (1190,2440)  (1148,2548)  (1240,2389)  (1201,2602)  (1184,2662)  (1254,2322)  (1202,2328)  (1167,2384)
Zalivskiy  (995,2762)  (940,2712)  (940,2769)  (943,2826)  (994,2819)  (978,2880)  (923,2875)  (908,2661)  (993,2665)  (992,2712)  (1046,2671)  (1099,2682)  (1047,2725)  (1098,2730)  (1099,2783)  (1046,2794)
Spartakowka  (1772,314)  (1767,261)  (1684,320)  (1850,316)  (1817,260)  (1718,270)  (1864,247)  (1667,272)
Minina River  (1076,2402)  (1018,2403)  (1025,2459)  (1088,2463)  (1028,2346)  (1085,2346)
Zanya  (973,2180)  (909,2206)  (977,2117)  (852,2206)  (1027,2111)  (897,2257)  (1024,2168)  (887,2314)  (1075,2112)  (846,2263)  (1072,2161)
West Rynok  (1469,222)  (1342,172)  (1405,194)  (1522,243)  (1576,203)  (1440,317)  (1407,258)  (1521,183)  (1473,270)
Plant Barricade  (1812,565)  (1767,504)  (1751,561)  (1735,613)  (1794,617)  (1824,509)  (1837,424)  (1811,689)  (1784,449)  (1749,672)
Tartars Wall  (1262,1230)  (1241,1178)  (1276,1281)  (1231,1127)  (1295,1331)  (1209,1076)  (1293,1384)  (1211,1020)  (1344,1391)  (1294,1023)  (1183,1393)  (1199,1250)  (1204,1312)  (1235,1370)  (1285,1087)  (1288,1139)  (1192,1196)
Aksay River  (1304,3007)  (1253,2965)  (1354,3046)  (1355,2970)  (1253,3044)  (1199,2965)  (1154,3015)  (1447,2978)  (1203,3044)  (1403,3028)  (1454,3045)
Streets  (1607,1436)  (1628,1487)  (1628,1382)  (1605,1536)  (1577,1382)  (1610,1590)
Sarpa  (1360,2880)  (1359,2826)  (1306,2814)  (1305,2861)  (1309,2910)  (1410,2818)  (1411,2867)  (1412,2915)  (1177,2733)  (1649,2850)  (1593,2889)  (1237,2793)  (1228,2858)  (1245,2910)  (1485,2834)  (1488,2898)  (1542,2840)
Place of 9Jan  (1603,1849)  (1549,1949)  (1477,1896)  (1549,1897)  (1493,1846)  (1547,1846)  (1532,1749)  (1585,1798)  (1489,1946)  (1514,1797)
Marmai Hights 102  (1461,997)  (1402,995)  (1516,1038)  (1347,1107)  (1557,845)  (1420,848)  (1517,1119)  (1459,1107)  (1460,1051)  (1423,920)  (1480,849)  (1406,1048)  (1354,1047)  (1406,1104)  (1559,897)  (1475,901)  (1525,961)
South Wolga Hide  (1650,2057)  (1615,2106)  (1604,2054)  (1700,2060)  (1664,2107)  (1708,2120)
Pokrovka  (2167,2722)  (2043,2836)  (1981,2715)  (2225,2652)  (1942,2598)  (2043,2912)  (2227,2715)  (1930,2509)  (2163,2663)  (2052,2555)  (2069,2728)  (2154,2853)  (2073,2637)  (2174,2611)
Krasnaja  (2060,1510)  (1954,1567)  (1953,1455)  (2002,1510)  (2059,1314)  (2067,1701)  (2013,1567)  (2012,1454)  (1979,1368)  (1982,1659)  (2098,1630)  (2189,1529)
Bazinowka  (736,2414)  (725,2358)  (726,2464)  (668,2462)  (779,2356)  (670,2346)  (615,2332)  (791,2408)  (676,2406)  (785,2462)  (607,2404)  (836,2368)  (869,2416)  (859,2467)
Krestovy  (2123,2210)  (1941,2054)  (1928,2403)  (1912,2214)  (2178,2212)  (2128,2035)  (2168,2385)  (2145,2263)  (2148,2156)  (2072,2102)  (2003,2173)  (1990,2275)  (2073,2337)
Oblast Wood  (1080,1400)  (1063,1344)  (1122,1353)  (1124,1456)  (1063,1460)  (1013,1511)  (1084,1514)
Stalingrad City  (1737,1568)  (1710,1762)  (1744,1398)  (1750,1301)  (1696,1318)  (1696,1854)  (1654,1806)  (1653,1749)  (1687,1515)  (1678,1567)  (1670,1618)  (1726,1622)  (1740,1511)  (1749,1454)  (1697,1454)  (1695,1370)  (1667,1669)  (1720,1694)
Stepnoy  (811,810)  (750,859)  (809,868)  (869,838)  (850,754)  (763,761)  (712,804)  (725,929)  (707,997)  (825,695)
Kumenny  (1359,405)  (1370,350)  (1419,402)  (1309,352)  (1322,230)  (1395,513)  (1516,438)  (1388,457)  (1283,290)  (1453,465)  (1339,289)
Samofalowa Station  (1007,538)  (1059,538)  (950,538)  (957,484)  (925,589)  (1009,440)  (1017,489)  (1067,488)  (1063,434)  (978,588)  (1027,587)  (1006,635)
Rynok  (1747,187)  (1697,176)  (1796,192)  (1644,216)  (1853,164)
Zeriza River  (1371,1771)  (1299,1781)  (1321,1724)  (1453,1692)  (1432,1783)  (1426,1844)  (1326,1648)  (1382,1650)  (1248,1884)  (1274,1832)  (1324,1866)  (1376,1823)  (1387,1708)
Main Train Station  (1278,1518)  (1227,1492)  (1227,1544)  (1328,1490)  (1327,1539)  (1276,1466)  (1277,1568)  (1176,1443)  (1177,1592)  (1379,1592)  (1378,1441)  (1326,1442)  (1227,1593)  (1327,1589)  (1226,1442)  (1177,1492)  (1176,1541)  (1378,1490)  (1377,1541)
Pitomnik  (836,1277)  (785,1278)  (787,1222)  (857,1332)  (886,1276)  (784,1021)  (775,1524)  (961,1082)  (837,1222)  (793,1161)  (788,1087)  (789,1333)  (787,1388)  (840,1386)  (903,1222)  (929,1163)  (861,1163)  (842,1110)  (904,1109)  (899,1056)  (801,1458)  (839,1046)
Tank Scrab  (1005,1697)  (1055,1711)  (1104,1690)  (1055,1663)  (1086,1770)  (1039,1760)  (989,1747)  (1008,1647)  (1104,1643)
Samofalowa  (1080,190)  (1133,214)  (1181,181)
Chir River  (515,2067)  (483,2013)  (538,2121)  (538,2015)  (487,2117)  (537,1882)  (472,1797)  (568,2272)  (534,2382)  (508,2315)  (503,2254)  (496,2186)  (477,1858)  (475,1909)  (479,1963)  (548,2215)  (535,1954)
Free  (5,5)